0
0
0
0
8
14
14
14
14
14
14
14
14
14
14
14
14
11
0
0
0
0
0
0
0
0
0
0
0
0
0
0
0
0
0
0
0
0
0
0
0
0
0
0
0
0
0
0
0
4
2
2
2
2
2
2
5
0
0
0
0
9
12
10
0
0
0
0
0
3
0
0
0
0
0
0
3
0
0
0
0
15
1
13
0
4
2
2
2
6
0
0
0
0
0
0
7
2
5
9
0
15
1
13
0
3
0
0
0
0
0
0
0
0
0
0
0
0
3
15
0
15
1
13
0
3
0
9
12
12
10
0
0
9
12
12
10
0
3
15
12
16
1
13
0
3
0
15
1
1
13
0
0
15
1
1
13
0
3
15
1
1
1
13
0
3
0
15
1
1
13
0
9
16
1
1
13
0
3
15
1
1
1
13
0
3
0
15
1
1
13
0
15
1
1
1
13
0
3
15
14
14
14
11
0
3
0
15
1
1
13
0
15
1
1
1
13
0
3
15
0
0
0
0
0
3
0
15
1
1
13
0
15
1
1
1
13
0
3
15
0
0
0
0
0
3
0
15
1
1
13
0
8
19
1
1
13
0
3
15
2
2
2
2
2
6
0
8
14
14
11
0
0
8
19
18
11
0
3
15
0
0
0
0
0
0
0
0
0
0
0
0
0
0
15
13
0
0
3
15
0
0
0
0
0
0
0
0
0
0
0
0
0
0
15
13
0
0
3
8
12
10
0
0
0
0
0
0
0
9
12
12
12
12
16
17
12
10
7
2
1
13
0
0
0
0
0
0
0
15
1
1
1
1
1
1
1
13
0
0
1
17
12
12
10
0
0
0
0
15
1
1
1
1
1
1
1
13
0
0
1
1
1
1
17
12
12
12
12
16
1
1
1
1
1
1
1
13
0
0
0
13
19
16
